# Input File Generated By SPARC ASE Calculator

LATVEC:
0 3.41096 3.41096
3.41096 0 3.41096
3.41096 3.41096 0
LATVEC_SCALE: 1 1 1
EXCHANGE_CORRELATION: GGA_PBE
KPOINT_GRID: 6 6 1
D3_FLAG: 1
SPIN_TYP: 0
TOL_SCF: 1e-05
RELAX_FLAG: 0
TOL_RELAX: 0.002
PRINT_FORCES: 1
PRINT_RELAXOUT: 1
ECUT: 40.4243
