# Input File Generated By SPARC ASE Calculator

LATVEC:
11.295 0 0
-1.98764 11.7814 0
-3.44297 -0.640248 14.9732
LATVEC_SCALE: 1 1 1
EXCHANGE_CORRELATION: GGA_PBE
KPOINT_GRID: 2 2 1
D3_FLAG: 1
SPIN_TYP: 0
ECUT: 18.3747
TOL_SCF: 0.0001
RELAX_FLAG: 2
TOL_RELAX: 0.003
PRINT_FORCES: 1
PRINT_RELAXOUT: 1
