:RELAXSTEP: 1
:CELL:   1.0655660377E+01   1.1271595259E+01   1.4506866022E+01
:VOLUME:   1.6729392338E+03
:LATVEC:
  1.1295000000E+01   0.0000000000E+00   0.0000000000E+00 
 -1.9876400000E+00   1.1781400000E+01   0.0000000000E+00 
 -3.4429700000E+00  -6.4024800000E-01   1.4973200000E+01 
:STRESS:
  2.5535185040E+01  -1.4683153034E+01   9.7906118315E+00 
 -1.4683153034E+01   1.9238408652E+01   8.1346041388E+00 
  9.7906118315E+00   8.1346041388E+00   4.3581119555E+01
:RELAXSTEP: 2
:CELL:   1.1972700000E+01   1.2664764433E+01   1.6299914662E+01
:VOLUME:   2.3730962768E+03
:LATVEC:
  1.1295000000E+01   0.0000000000E+00   0.0000000000E+00 
 -1.9876400000E+00   1.1781400000E+01   0.0000000000E+00 
 -3.4429700000E+00  -6.4024800000E-01   1.4973200000E+01 
:STRESS:
  2.6252099265E+01  -1.3744024675E+01   9.0255677300E+00 
 -1.3744024675E+01   2.0222252060E+01   7.3937549294E+00 
  9.0255677300E+00   7.3937549294E+00   4.2440152244E+01
:RELAXSTEP: 3
:CELL:   9.8535264651E+00   1.0423095167E+01   1.3414822095E+01
:VOLUME:   1.3228607123E+03
:LATVEC:
  1.1295000000E+01   0.0000000000E+00   0.0000000000E+00 
 -1.9876400000E+00   1.1781400000E+01   0.0000000000E+00 
 -3.4429700000E+00  -6.4024800000E-01   1.4973200000E+01 
:STRESS:
  1.4803681234E+01  -8.6698557399E+00   6.0654789988E+00 
 -8.6698557399E+00   1.1073034042E+01   4.8241505408E+00 
  6.0654789988E+00   4.8241505408E+00   2.5789919194E+01
:RELAXSTEP: 4
:CELL:   1.2534648339E+01   1.3259195374E+01   1.7064964314E+01
:VOLUME:   2.7231747983E+03
:LATVEC:
  1.1295000000E+01   0.0000000000E+00   0.0000000000E+00 
 -1.9876400000E+00   1.1781400000E+01   0.0000000000E+00 
 -3.4429700000E+00  -6.4024800000E-01   1.4973200000E+01 
:STRESS:
  2.4951208270E+01  -1.2127461032E+01   7.9303159035E+00 
 -1.2127461032E+01   1.9469397862E+01   6.4517482259E+00 
  7.9303159035E+00   6.4517482259E+00   3.9034438616E+01
:RELAXSTEP: 5
:CELL:   7.6650346567E+00   8.1081007872E+00   1.0435358005E+01
:VOLUME:   6.2270366933E+02
:LATVEC:
  1.1295000000E+01   0.0000000000E+00   0.0000000000E+00 
 -1.9876400000E+00   1.1781400000E+01   0.0000000000E+00 
 -3.4429700000E+00  -6.4024800000E-01   1.4973200000E+01 
:STRESS:
 -2.4671262717E+02   1.4113140220E+02  -9.0806714972E+01 
  1.4113140220E+02  -1.8425675278E+02  -7.7539556330E+01 
 -9.0806714972E+01  -7.7539556330E+01  -4.1933741093E+02
:RELAXSTEP: 6
:CELL:   1.3528095104E+01   1.4310066878E+01   1.8417466046E+01
:VOLUME:   3.4233318414E+03
:LATVEC:
  1.1295000000E+01   0.0000000000E+00   0.0000000000E+00 
 -1.9876400000E+00   1.1781400000E+01   0.0000000000E+00 
 -3.4429700000E+00  -6.4024800000E-01   1.4973200000E+01 
:STRESS:
  2.1282026729E+01  -8.1499074782E+00   5.7906103074E+00 
 -8.1499074782E+00   1.6721684308E+01   4.2095868586E+00 
  5.7906103074E+00   4.2095868586E+00   3.1304293302E+01
:RELAXSTEP: 7
:CELL:   1.3244141768E+01   1.4009700035E+01   1.8030885313E+01
:VOLUME:   3.2122587371E+03
:LATVEC:
  1.1295000000E+01   0.0000000000E+00   0.0000000000E+00 
 -1.9876400000E+00   1.1781400000E+01   0.0000000000E+00 
 -3.4429700000E+00  -6.4024800000E-01   1.4973200000E+01 
:STRESS:
  2.2224848797E+01  -9.2308068786E+00   6.3866681517E+00 
 -9.2308068786E+00   1.7487496270E+01   4.8488395830E+00 
  6.3866681517E+00   4.8488395830E+00   3.3434419089E+01
:RELAXSTEP: 8
:CELL:   1.1151433177E+01   1.1796025481E+01   1.5181822742E+01
:VOLUME:   1.9174812032E+03
:LATVEC:
  1.1295000000E+01   0.0000000000E+00   0.0000000000E+00 
 -1.9876400000E+00   1.1781400000E+01   0.0000000000E+00 
 -3.4429700000E+00  -6.4024800000E-01   1.4973200000E+01 
:STRESS:
  2.7114569436E+01  -1.5220492261E+01   1.0066859100E+01 
 -1.5220492261E+01   2.0548546971E+01   8.3234005144E+00 
  1.0066859100E+01   8.3234005144E+00   4.5499164228E+01
:RELAXSTEP: 9
:CELL:   9.7207272536E+00   1.0282619692E+01   1.3234026133E+01
:VOLUME:   1.2700924363E+03
:LATVEC:
  1.1295000000E+01   0.0000000000E+00   0.0000000000E+00 
 -1.9876400000E+00   1.1781400000E+01   0.0000000000E+00 
 -3.4429700000E+00  -6.4024800000E-01   1.4973200000E+01 
:STRESS:
  1.1373842147E+01  -6.6562605854E+00   4.8079454620E+00 
 -6.6562605854E+00   8.4976108106E+00   3.7225128044E+00 
  4.8079454620E+00   3.7225128044E+00   1.9968684031E+01
:RELAXSTEP: 10
:CELL:   8.8127529151E+00   9.3221612228E+00   1.1997888567E+01
:VOLUME:   9.4639805281E+02
:LATVEC:
  1.1295000000E+01   0.0000000000E+00   0.0000000000E+00 
 -1.9876400000E+00   1.1781400000E+01   0.0000000000E+00 
 -3.4429700000E+00  -6.4024800000E-01   1.4973200000E+01 
:STRESS:
 -3.7655696088E+01   2.2214196415E+01  -1.3391942901E+01 
  2.2214196415E+01  -2.8136643994E+01  -1.1786084240E+01 
 -1.3391942901E+01  -1.1786084240E+01  -6.3358403803E+01
:RELAXSTEP: 11
:CELL:   9.5220064105E+00   1.0072412080E+01   1.2963482915E+01
:VOLUME:   1.1937804571E+03
:LATVEC:
  1.1295000000E+01   0.0000000000E+00   0.0000000000E+00 
 -1.9876400000E+00   1.1781400000E+01   0.0000000000E+00 
 -3.4429700000E+00  -6.4024800000E-01   1.4973200000E+01 
:STRESS:
  4.9247621412E+00  -2.8517397100E+00   2.4162986019E+00 
 -2.8517397100E+00   3.6723608968E+00   1.6676924434E+00 
  2.4162986019E+00   1.6676924434E+00   8.9954827857E+00
:RELAXSTEP: 12
:CELL:   9.3786499972E+00   9.9207691590E+00   1.2768314131E+01
:VOLUME:   1.1406700600E+03
:LATVEC:
  1.1295000000E+01   0.0000000000E+00   0.0000000000E+00 
 -1.9876400000E+00   1.1781400000E+01   0.0000000000E+00 
 -3.4429700000E+00  -6.4024800000E-01   1.4973200000E+01 
:STRESS:
 -9.0809307175E-01   6.0209901619E-01   2.4693271290E-01 
  6.0209901619E-01  -6.8606553690E-01  -1.8247234921E-01 
  2.4693271290E-01  -1.8247234921E-01  -9.2906806762E-01
:RELAXSTEP: 13
:CELL:   9.3968727203E+00   9.9400452200E+00   1.2793122974E+01
:VOLUME:   1.1473319553E+03
:LATVEC:
  1.1295000000E+01   0.0000000000E+00   0.0000000000E+00 
 -1.9876400000E+00   1.1781400000E+01   0.0000000000E+00 
 -3.4429700000E+00  -6.4024800000E-01   1.4973200000E+01 
:STRESS:
 -1.6115102624E-01   1.1649060727E-01   5.4875134834E-01 
  1.1649060727E-01  -1.4186995271E-01   7.8311526521E-02 
  5.4875134834E-01   7.8311526521E-02   3.8771288592E-01
:RELAXSTEP: 14
:CELL:   9.3962820488E+00   9.9394204056E+00   1.2792318820E+01
:VOLUME:   1.1471156109E+03
:LATVEC:
  1.1295000000E+01   0.0000000000E+00   0.0000000000E+00 
 -1.9876400000E+00   1.1781400000E+01   0.0000000000E+00 
 -3.4429700000E+00  -6.4024800000E-01   1.4973200000E+01 
:STRESS:
 -1.4306401525E-01   1.4057188561E-01   5.3463943439E-01 
  1.4057188561E-01  -1.1526627965E-01   6.4716365422E-02 
  5.3463943439E-01   6.4716365422E-02   3.7863694463E-01
:RELAXSTEP: 15
:CELL:   9.3874743024E+00   9.9301035403E+00   1.2780327747E+01
:VOLUME:   1.1438928354E+03
:LATVEC:
  1.1295000000E+01   0.0000000000E+00   0.0000000000E+00 
 -1.9876400000E+00   1.1781400000E+01   0.0000000000E+00 
 -3.4429700000E+00  -6.4024800000E-01   1.4973200000E+01 
:STRESS:
 -5.1884996150E-01   3.7077304398E-01   3.9073236351E-01 
  3.7077304398E-01  -3.9408305674E-01  -5.8548473417E-02 
  3.9073236351E-01  -5.8548473417E-02  -2.6934603142E-01
:RELAXSTEP: 16
:CELL:   9.3954692585E+00   9.9385606331E+00   1.2791212268E+01
:VOLUME:   1.1468179558E+03
:LATVEC:
  1.1295000000E+01   0.0000000000E+00   0.0000000000E+00 
 -1.9876400000E+00   1.1781400000E+01   0.0000000000E+00 
 -3.4429700000E+00  -6.4024800000E-01   1.4973200000E+01 
:STRESS:
 -1.9557070269E-01   1.5257595695E-01   5.2573557025E-01 
  1.5257595695E-01  -1.6142675961E-01   5.8758725732E-02 
  5.2573557025E-01   5.8758725732E-02   3.0926572110E-01
:RELAXSTEP: 17
:CELL:   9.3957001480E+00   9.9388048689E+00   1.2791526606E+01
:VOLUME:   1.1469025055E+03
:LATVEC:
  1.1295000000E+01   0.0000000000E+00   0.0000000000E+00 
 -1.9876400000E+00   1.1781400000E+01   0.0000000000E+00 
 -3.4429700000E+00  -6.4024800000E-01   1.4973200000E+01 
:STRESS:
 -2.0249901654E-01   1.4986753179E-01   5.2861202489E-01 
  1.4986753179E-01  -1.7030767376E-01   6.0378374244E-02 
  5.2861202489E-01   6.0378374244E-02   3.0893355427E-01
:RELAXSTEP: 18
:CELL:   9.3959911074E+00   9.9391126468E+00   1.2791922725E+01
:VOLUME:   1.1470090582E+03
:LATVEC:
  1.1295000000E+01   0.0000000000E+00   0.0000000000E+00 
 -1.9876400000E+00   1.1781400000E+01   0.0000000000E+00 
 -3.4429700000E+00  -6.4024800000E-01   1.4973200000E+01 
:STRESS:
 -1.9131129069E-01   1.4301520664E-01   5.3337087454E-01 
  1.4301520664E-01  -1.6240599307E-01   6.4097272458E-02 
  5.3337087454E-01   6.4097272458E-02   3.2895616493E-01
