# Input File Generated By SPARC ASE Calculator

LATVEC:
0 3.70386 3.70386
3.70386 0 3.70386
3.70386 3.70386 0
LATVEC_SCALE: 1 1 1
EXCHANGE_CORRELATION: GGA_PBE
KPOINT_GRID: 7 7 7
D3_FLAG: 1
SPIN_TYP: 0
ECUT: 29.3995
TOL_SCF: 1e-05
RELAX_FLAG: 0
TOL_RELAX: 0.002
PRINT_FORCES: 1
PRINT_RELAXOUT: 1
