# Input File Generated By SPARC ASE Calculator

LATVEC:
9.41247 0 0
-1.65636 9.81786 0
-2.86914 -0.53354 12.4777
LATVEC_SCALE: 1 1 1
EXCHANGE_CORRELATION: GGA_PBE
KPOINT_GRID: 2 2 1
D3_FLAG: 1
SPIN_TYP: 0
ECUT: 18.3747
TOL_SCF: 0.0001
RELAX_FLAG: 0
TOL_RELAX: 0.003
PRINT_FORCES: 1
PRINT_RELAXOUT: 1
